
dnet_chesscom_set_1_extended.dnet>, LR_changes(tries)=1 accuracy=0.26482624 epochs=34 time=4667sec, LR=0.022980085 All_Accuracies=[0.12860087, 0.2022422, 0.23111835, 0.24382335, 0.2455155, 0.24041009, 0.24557492, 0.24648663, 0.24327967, 0.24664341, 0.24659684, 0.24674699, 0.24650206, 0.24598537, 0.24290107, 0.11767978, 0.24458896, 0.14726722, 0.11064021, 0.116607055, 0.24513838, 0.24570687, 0.119483486, 0.11882206, 0.11886284, 0.3013306, 0.25269002, 0.25896433, 0.25481212, 0.26179746, 0.26176512, 0.26040426, 0.25983578, 0.26482624]
dnet_books_set_2_extended.dnet>, LR_changes(tries)=1 accuracy=0.8122515 epochs=31 time=4661sec, LR=0.028156757 All_Accuracies=[0.1648441, 0.34216377, 0.40807566, 0.41015467, 0.4477209, 0.4464156, 0.45873773, 0.47716162, 0.48484856, 0.49370053, 0.48848724, 0.4608431, 0.45780277, 0.47493055, 0.5038822, 0.5435945, 0.5764539, 0.6050072, 0.6233034, 0.64109933, 0.65777516, 0.67735094, 0.6940634, 0.71166795, 0.7294641, 0.7504228, 0.7643216, 0.77898437, 0.7951559, 0.8033464, 0.8122515]
dnet_books_set_3_extended.dnet>, LR_changes(tries)=1 accuracy=1.0 epochs=89 time=4692sec, LR=0.011878632 All_Accuracies=[0.04132034, 0.13685848, 0.19916408, 0.26791963, 0.30832106, 0.33429778, 0.35817868, 0.38752416, 0.41835454, 0.45315674, 0.47546563, 0.49467802, 0.51930624, 0.5412789, 0.55515474, 0.5722722, 0.5902057, 0.61787635, 0.64370024, 0.6640392, 0.6885179, 0.71138614, 0.7283467, 0.7390187, 0.75834143, 0.76844716, 0.7799183, 0.7863196, 0.79117304, 0.8026475, 0.8138201, 0.817126, 0.82576686, 0.8360987, 0.8418969, 0.84832996, 0.8519593, 0.85745806, 0.87173647, 0.8746891, 0.88150394, 0.88987887, 0.89735276, 0.90360457, 0.90522563, 0.9094976, 0.9153275, 0.919178, 0.92823726, 0.93372345, 0.93760645, 0.94111466, 0.9446463, 0.9518403, 0.9578885, 0.9613415, 0.9654273, 0.96868205, 0.9727054, 0.97446513, 0.98564154, 0.98794264, 0.9883496, 0.9883496, 0.98896015, 0.9908362, 0.9908362, 0.99130976, 0.99225736, 0.99248886, 0.9939085, 0.99485654, 0.99567056, 0.9964845, 0.9964845, 0.9964845, 0.997433, 0.997433, 0.997433, 0.997433, 0.998382, 0.998382, 0.9984401, 0.9986436, 0.9986436, 0.9986436, 0.99905056, 0.99905056, 1.0]
dnet_chesscom_set_2_extended.dnet>, LR_changes(tries)=2 accuracy=1.0 epochs=17 time=144sec, LR=0.028156757 All_Accuracies=[0.29738638, 0.43133906, 0.48348877, 0.559343, 0.6472563, 0.7090305, 0.822936, 0.9115392, 0.9943279, 0.9943279, 0.9957524, 0.9971769, 0.9971769, 0.9971769, 0.9971769, 0.9971769, 1.0]
dnet_lichessorg_set_1_extended.dnet>, LR_changes(tries)=2 accuracy=0.20661661 epochs=16 time=2378sec, LR=0.050056458 All_Accuracies=[0.09271813, 0.1381486, 0.18333864, 0.10391647, 0.19041213, 0.19971928, 0.22279261, 0.24331762, 0.036754772, 0.2092676, 0.2562285, 0.31594875, 0.30996153, 0.26195958, 0.333214, 0.20661661]
dnet_chess24com_set_1_extended.dnet>, LR_changes(tries)=1 accuracy=0.8360471 epochs=38 time=4603sec, LR=0.028156757 All_Accuracies=[0.163612, 0.24621597, 0.2501734, 0.29014352, 0.28727895, 0.28785414, 0.35527295, 0.35651937, 0.38838178, 0.428116, 0.46029022, 0.48414785, 0.5045774, 0.524054, 0.5408159, 0.5522177, 0.56396204, 0.5846328, 0.6065782, 0.62357724, 0.6392586, 0.6561951, 0.67033166, 0.684255, 0.69988155, 0.71364415, 0.72574586, 0.73451126, 0.74685407, 0.75546443, 0.76371723, 0.77706444, 0.7877785, 0.80100846, 0.81123376, 0.8189414, 0.8271659, 0.8360471]
dnet_universal_extended.dnet>, LR_changes(tries)=1 accuracy=0.19853537 epochs=54 time=4774sec, LR=0.022980085 All_Accuracies=[0.015711516, 0.061666004, 0.07424033, 0.15832104, 0.17429426, 0.18919624, 0.18321103, 0.17020443, 0.15547654, 0.19849935, 0.17904894, 0.17502268, 0.21018726, 0.21724217, 0.1877216, 0.20016184, 0.23558253, 0.20107755, 0.183373, 0.19672142, 0.21493104, 0.21135017, 0.21651727, 0.13183698, 0.21704878, 0.23260623, 0.2610173, 0.24512489, 0.23731612, 0.21992625, 0.21342641, 0.21923898, 0.22518712, 0.2299386, 0.23574224, 0.25225797, 0.2434193, 0.25503433, 0.26460928, 0.1569898, 0.16458596, 0.16342641, 0.17238195, 0.16058713, 0.1559034, 0.1669081, 0.17013782, 0.1665674, 0.1776414, 0.18833254, 0.21264999, 0.19432841, 0.19040681, 0.19853537]
dnet_books_set_1_extended.dnet>, LR_changes(tries)=1 accuracy=0.29186553 epochs=28 time=4634sec, LR=0.028156757 All_Accuracies=[0.026828954, 0.10365133, 0.12576273, 0.18417808, 0.05675859, 0.1357238, 0.059264038, 0.06593221, 0.09202877, 0.14821066, 0.10139128, 0.16927722, 0.24064304, 0.1675224, 0.26284504, 0.3146853, 0.30938688, 0.24441703, 0.24889709, 0.25656754, 0.24944566, 0.33918145, 0.3718819, 0.256855, 0.16469835, 0.2613354, 0.28173545, 0.29186553]
dnet_books_set_4_extended.dnet>, LR_changes(tries)=1 accuracy=1.0 epochs=79 time=1270sec, LR=0.011878632 All_Accuracies=[0.07864726, 0.0953025, 0.16725829, 0.21136335, 0.25053504, 0.2784278, 0.32613817, 0.3681695, 0.42812318, 0.48048356, 0.52343374, 0.59680486, 0.6505427, 0.7208904, 0.7435429, 0.7526556, 0.7589017, 0.76192224, 0.767883, 0.7782239, 0.7857955, 0.7908027, 0.79904145, 0.8019695, 0.8100513, 0.8134057, 0.8197871, 0.822619, 0.8320501, 0.8344675, 0.8430585, 0.8491726, 0.85941344, 0.8707015, 0.88432693, 0.8900249, 0.9019973, 0.91293555, 0.92011964, 0.9282618, 0.9349095, 0.9349095, 0.9400059, 0.94205594, 0.95291543, 0.95671403, 0.9633786, 0.9676521, 0.9702869, 0.97476196, 0.98326313, 0.98848635, 0.9917228, 0.9917228, 0.9921919, 0.99409115, 0.9943279, 0.99622726, 0.99622726, 0.99622726, 0.99622726, 0.99622726, 0.99622726, 0.99622726, 0.9971769, 0.9971769, 0.9971769, 0.9971769, 0.9971769, 0.9971769, 0.9971769, 0.9971769, 0.9971769, 0.9971769, 0.9971769, 0.9971769, 0.9971769, 0.9971769, 1.0]

